1000
3.2
6.4
-5.2
6.8
10.8
10.4
-4.8
9.2
13.6
4.8
1.2
1.6
-12.4
2
8
12.8
12.4
14.8
13.2
12.8
-5.2
17.6
9.6
-3.6
13.6
16.4
2
4
4.8
-6.4
-0.8
-12
-20
14
-4.4
-8.4
-14.8
-8
-18.8
18.8
16.8
-16.8
0.8
-15.2
5.6
9.6
-1.6
18.8
4.4
-8.4
-7.2
0
10.4
-17.6
-2.8
4
18.8
19.2
8.8
3.6
13.6
-12
-7.2
13.6
2.8
8.4
6.4
8.4
-19.6
-11.6
-12
-1.6
-8.4
8.8
3.2
-2
19.2
-18.4
-2.8
-15.6
14
10
-14.8
-14.8
-6.8
2.4
-10
-8
-17.2
19.2
-3.6
16.4
8
9.2
-8.8
12
18.8
17.6
-18.8
0
6.8
-10.8
18.4
18.4
-0.8
-17.6
17.6
-1.6
-16
15.6
-16
-0.8
5.6
-10.8
4.4
-0.4
12
14.8
11.6
14.8
-5.2
8.8
-8
3.6
-1.6
3.2
16.4
-2.8
0.8
17.6
-2
-12.4
-12.8
-3.2
7.2
6.4
-0.8
4.8
5.6
-15.6
0.4
9.6
-15.6
6.8
19.2
8.8
7.2
-8
-15.6
19.6
7.6
-20
8.4
19.6
-15.2
-13.2
3.2
2
-15.2
4.8
0
-16
-6.4
7.2
0.8
1.6
14.4
0.8
-13.6
0
-14
-12.4
10.8
-9.6
-4.8
10
0.4
-17.6
2.8
-14.4
-18
11.2
6.8
-8.8
10.8
-7.6
-1.6
14.8
14.4
-16
-19.2
-5.6
-12
15.2
2.4
-10.4
-3.2
-3.2
-8.4
-16
-2
-2.4
-8.4
-11.2
-10.8
-12.4
-0.4
-9.6
10.8
-17.6
-4
-6.4
-5.6
3.6
4.8
6
16
4
1.2
10.8
8.4
-17.2
-14.8
-2.8
18
8
7.2
-5.2
5.6
-0.4
-1.2
-16.4
17.2
-8.8
-7.6
7.2
-1.2
12
17.6
10.4
-4.8
14.8
-16
9.6
-1.6
8.8
-4
-5.2
-6.8
-2
-14.4
-18.4
-18.4
11.6
19.6
19.6
-19.6
6.8
15.2
6.4
-13.6
-6
10
4.8
5.2
3.6
12.8
4.8
16.4
-8.4
-4.8
-8
-13.6
-0.8
2.4
-14.4
8.8
-0.8
-18.8
-18
-2
7.6
4.4
-0.4
-0.4
4.4
-20
0
12
15.2
7.2
-0.4
-10.8
18.4
5.2
-4.8
2
-2
0.8
-1.6
9.6
16
-8.8
-3.2
16
14
-16.4
5.2
14
-15.2
-12
-7.6
12.8
12.8
-7.2
13.2
18
-6.8
14
10
-11.6
1.6
-10.4
18.8
0
-4.4
14.8
-18
14
-4
-18.8
-15.6
-8
-7.2
1.6
9.2
7.6
5.2
15.2
1.6
-9.2
-16.8
-5.2
-16.4
16
8
-2.4
-5.2
2
-8
-14.8
-8.8
13.6
15.6
-10
-6.4
-8.4
-14.8
16.4
6.4
1.2
17.6
10.8
-6
11.2
13.2
4
-1.2
19.2
-0.8
1.6
-9.6
2.8
-2.8
14.8
19.6
-14.8
-7.2
-5.2
-12
4.8
0
-0.4
19.2
16.4
-9.6
13.6
-12
-4.4
10
14.4
-2.4
-11.6
-13.6
-7.2
-20
19.6
16.8
19.6
19.2
-3.6
-18
10.4
0
-0.4
5.2
-0.4
-14.4
18
14.4
-6
-16.4
15.2
-5.6
-17.2
12
4.8
16.4
0.8
1.6
-12.8
16.4
19.2
-4
-17.2
12.8
16.8
3.2
10
-2.8
-16.8
7.2
-0.4
13.6
-12.8
19.2
-0.8
6.8
5.6
18
1.6
19.6
-18
17.6
-6
-15.2
-9.6
0
2.4
11.6
-18.4
9.6
-11.2
1.6
6.4
12.4
-5.2
3.2
-4.4
5.6
-19.2
-0.8
-7.2
-18.8
-7.2
0
1.2
-7.2
7.6
-13.2
-8.8
10
-13.2
-6.8
8
-18.4
18.8
18.4
-17.6
1.2
-9.2
-16
-8.8
-0.4
6
17.6
-8
1.6
-18
-11.2
-12.8
3.6
-11.2
0
4.8
-17.6
0.8
6.8
-4.4
-11.6
13.6
6.8
18.8
1.2
0.8
6.8
-16
-0.4
-14
-13.6
-18.8
-2.8
11.6
13.2
-2.4
-2.4
-8.4
-9.2
0
14.4
-0.4
7.2
-2
-10.8
8
3.6
-8.4
-11.2
-9.6
-12
-2.8
5.2
-4.4
-4
-13.6
16.4
3.6
-9.6
-3.6
-9.2
18
18.4
8
9.6
-7.6
6.4
8
4
17.2
-12
-1.2
17.6
15.2
-2.4
-13.2
3.2
-18.4
19.6
-7.2
12.8
-12.4
10
-2
3.6
7.2
4.8
0
11.6
-4
-2.8
-17.6
-6
16.4
-8.8
-16.4
-11.2
18
11.6
-6
15.2
0.4
-6.4
-6
-4.4
11.2
0.8
-0.4
-6.4
-18.8
12.4
-13.2
-10.8
-16.4
-14.4
-6.4
-8.4
-8.8
-5.6
-16.8
7.6
12
-14
2.4
8.4
18
-12.8
-1.6
16
-0.4
12.4
-7.6
-19.6
-14
6.4
16.8
17.2
8
17.6
12
9.6
-9.2
-0.4
18.8
-5.6
5.2
13.2
6
16.8
-12.4
-9.6
-14.8
19.6
17.2
-11.6
-10.8
15.2
-4.4
7.6
11.6
-3.6
-19.2
4.8
-3.2
-13.2
-8.8
14.4
4.8
19.2
12
17.6
8.8
-16.8
-2.8
-11.6
18.4
3.6
-18.4
-14.4
0.4
-10.4
-4
-13.6
10
-6.8
15.6
0
9.2
12.4
-12.4
0.8
-11.2
9.2
-14.4
-13.6
-3.2
17.6
-19.2
2.8
-2
-6
0.4
-13.2
18
18
16.4
16.4
1.6
-1.2
2.8
2.8
-10.8
-0.4
-10
19.6
-6.4
6.4
-0.4
-16.8
-1.2
-11.6
-15.2
-11.6
17.6
11.6
-5.2
15.6
9.2
16.8
-1.6
-12.8
-9.2
18.8
15.2
9.6
-2.4
-7.6
6
0
11.2
10
3.6
-19.2
-10.4
-5.6
1.2
3.6
-18.8
-19.2
-12.4
-19.2
10
-7.6
-10.4
-11.2
-16
-14.8
-15.6
-5.6
2.8
2.8
-17.6
-5.6
-17.6
17.6
-16
0.4
10.8
-8.8
1.2
2.4
-18.8
-14.8
-16
-9.2
-0.4
5.2
-4.8
-18.4
-13.2
2.8
-17.2
17.2
15.6
13.2
-14
0.4
-0.8
-9.6
14.8
-17.6
13.2
17.6
-3.2
-3.6
-4
1.2
16.8
-12.8
12.4
19.2
9.6
-5.6
-15.6
13.6
5.2
-15.2
19.6
1.6
7.6
-13.6
-15.6
-8.8
-16.4
-20
-15.6
10.4
-18.4
3.6
-19.2
16.4
-13.2
-5.2
14
4
11.6
-9.6
6
-10.8
-2.4
19.2
-11.6
8
-6.4
13.6
-17.6
-0.4
-0.4
-18
-18.8
8
9.2
6.8
19.2
-6
-12.4
-16.4
-15.6
-10.8
-12
-14.4
-14
-4.8
-18.8
0.8
0
-6.4
11.2
6.8
-16
9.6
-13.2
13.2
18.4
0.4
7.2
-19.2
0.8
7.6
3.6
-16.8
-4.4
14
10
15.6
-12
17.6
0
-7.6
-12.8
8
18.8
-6.8
4
-19.6
-5.2
4.8
14.8
-13.6
-8.4
18.8
-3.2
19.2
12.4
16.4
-19.6
-19.6
-2
1.6
8
-18
4.8
4.4
16
15.6
-19.2
4.8
13.2
0.8
17.2
-19.6
-11.2
16.4
14.4
-6
-2.4
-10.4
-0.4
-7.6
16.8
11.6
-8.4
14.4
-8.4
-16
10.8
-7.6
-15.6
-10.8
-5.2
-6.8
12
0.4
-1.6
-11.2
-4
-0.8
13.6
-10.8
0.8
-8.4
10.8
-9.6
-12
-14
4.4
-13.6
16.4
-15.6
-0.8
-6
-3.2
-8.4
-11.2
8.4
16.4
0.4
1.6
1.6
-9.6
16.4
-4.4
-17.6
-3.2
-5.2
12
12.8
14
-13.6
3.2
15.6
-1.6
14.8
-14
-12.8
1.6
10.8
-6
-1.6
-4
-6
12.4
12.8
5.6
2
-18
2
-17.2
4
4.4
-6.8
-18.8
-20
16.8
-1.6
-5.2
8.8
12
9.6
-3.6
16
5.2
14.8
-8.4
11.2
-18
13.6
-17.2
-4
-8
-1.2
-9.2
5.2
12.4
16.4
-12.4
-4.4
19.2
-9.6
0.4
3.6
