500
12
-5.2
2.8
6.4
18.4
4.8
-3.2
-8.4
8.8
16.8
-10.4
-11.6
-13.6
8.4
18
-20
-3.6
-10
-4.4
12
-4
12.4
-16
14
-15.2
8.8
13.2
9.2
-6.4
16.4
10
-14.4
12.4
13.6
-7.2
10.8
-1.6
-9.6
3.2
-12.8
8
12.8
16.4
-4.8
1.2
-4.8
-4.8
-1.6
5.6
10.8
11.6
2.4
-16
15.6
-3.6
-10.8
4.4
-10
18.4
-1.2
7.2
-10.8
-14.4
-19.6
-17.2
-1.6
11.2
1.2
-10
15.2
-10.8
18
8
6.4
-6.4
10
-18
8.8
9.6
-11.6
-19.2
1.2
-8.4
-15.2
17.6
-11.2
-6
-16.8
-1.2
13.2
2
7.2
-17.6
7.6
7.6
6
7.2
-20
-12.8
17.2
-4
17.2
-4
-15.6
4
9.6
-4.8
-13.2
19.6
-15.2
16
-19.6
-13.2
-12.4
6
5.6
-3.6
1.2
8.8
-3.6
-5.6
11.6
4.4
18
-0.4
-8
4
7.6
12.8
-7.6
-14.4
-10.8
10.4
1.6
14.4
-5.6
12.4
10.4
-18
12
-3.6
18
-6.8
3.2
6.4
19.2
9.6
4
0.4
-1.6
-19.6
-4
11.2
4.8
14.8
11.6
-2.4
19.6
-0.8
11.6
-8
4.8
1.6
3.6
7.2
-4
-1.2
-0.4
7.2
1.2
-8.4
-16.4
-20
4.8
-12
-12.4
-14.8
17.6
11.6
5.6
17.2
-7.2
-18.4
8.4
-1.6
-2.8
0
16
-2.8
19.2
-11.6
-10
-15.2
10
13.6
12
6.8
-7.2
12.8
-5.6
-5.2
-15.6
-2
15.6
-9.6
-13.2
-16.8
-4.4
-15.2
14.8
2
-18
8.4
4
10.4
-13.2
2
11.2
4
19.2
-8.8
12.4
-10.4
-4
-16.4
-16.8
8.8
10.4
16.8
1.6
5.6
-8.4
-12.8
4.8
-12.4
-2.4
11.6
11.6
-6
16.4
6.8
16
-0.8
16
-19.2
10.4
-16.8
3.2
1.6
7.2
2.4
12.8
-0.4
-7.2
9.6
-16
-3.6
19.6
14.8
-6.8
1.2
0.4
-14
-10.8
-14.8
14.4
-12.4
17.2
6
1.6
-5.6
13.6
18.8
-5.2
10
19.6
-14.8
13.2
-16.4
-12
-18.8
-12.8
1.6
-18.4
0
-8.4
-14
16.4
-8.8
-19.2
10.8
-6.8
-18
-2.4
2.8
-12.4
-8
10.4
5.6
-1.2
13.2
0.8
-7.2
12
15.6
-17.2
-7.6
2
-3.2
-3.6
10
-2
-15.6
-8.4
-0.4
4.4
-16
5.6
-18
16
-12.8
12.8
10.4
-10.4
11.2
14
18
4
-14.8
-15.6
-17.2
18.4
5.2
-4.4
-8.8
-18
19.2
-15.2
4
-4
-18
14.8
-5.2
-13.6
-13.6
-4.4
10.8
11.6
2
12.8
-11.6
9.6
-13.6
18.8
19.2
17.6
12.8
-2
1.6
18.4
2.4
4.8
16.8
-12.4
1.2
9.2
10.4
0.8
14
-5.6
-2.4
16
-10.8
-6.4
-17.6
16.8
9.2
-6
8.4
-8.8
-12.8
16.8
-19.2
-6.4
-3.2
0.8
12.4
-10.4
-0.4
14.8
-12
-18
-19.6
6
10.8
2
16
1.2
3.6
10
-3.2
2
-13.2
6
15.6
-10.8
2.8
4.8
-16
12
-2.8
-8.8
-10
-2
-14
-12.4
0
-0.8
-2.8
19.6
-6
-13.6
2.8
-5.2
-6.8
14.4
-2.4
-10.8
-4.4
-18.8
19.2
12.4
3.2
6.8
19.6
-0.8
-3.2
-16.8
4.8
0.8
-3.6
-18
12.4
-12.8
-18.8
-0.8
-5.2
1.2
18.4
12
-18.4
-7.6
18.4
-14.8
-12
-8.4
19.6
5.6
-18.4
16.4
-12.4
1.6
-10.4
11.2
-11.6
-10.8
11.2
5.2
13.6
16.8
-13.6
-10
19.2
-0.4
-2.8
-19.6
18.8
-7.2
-17.6
-2
-15.2
4.8
10.4
4.4
-8.8
-0.4
-3.2
-9.2
6
-1.2
8
14
-19.6
18
-14
10
8
-2
-4.8
1.6
