27
-90 0
90 0
-60 -180
-60 -108
-60 -36
-60 36
-60 108
-30 -180
-30 -108
-30 -36
-30 36
-30 108
0 -180
0 -108
0 -36
0 36
0 108
30 -180
30 -108
30 -36
30 36
30 108
60 -180
60 -108
60 -36
60 36
60 108
620
0 2 2084.91
0 3 2084.91
0 4 2084.9
0 5 2084.9
0 6 2084.91
1 22 2084.91
1 23 2084.91
1 24 2084.9
1 25 2084.9
1 26 2084.91
2 0 2084.91
2 3 2375.56
2 4 3946.56
2 5 3946.56
2 6 2375.57
2 7 2084.9
2 8 3855.07
2 9 5925.05
2 10 5925.05
2 11 3855.08
2 12 4169.81
2 13 5637
2 14 7912.93
2 15 7912.94
2 16 5637.01
2 17 6254.71
2 18 7464.64
2 19 9838.4
2 20 9838.41
2 21 7464.65
2 22 8339.61
2 23 9192.99
2 24 11274
2 25 11274
2 26 9192.99
3 0 2084.91
3 2 2375.56
3 4 2375.56
3 5 3946.56
3 6 3946.56
3 7 3855.07
3 8 2084.9
3 9 3855.07
3 10 5925.05
3 11 5925.05
3 12 5637
3 13 4169.81
3 14 5637
3 15 7912.93
3 16 7912.94
3 17 7464.64
3 18 6254.71
3 19 7464.64
3 20 9838.4
3 21 9838.41
3 22 9192.99
3 23 8339.61
3 24 9192.99
3 25 11274
3 26 11274
4 0 2084.9
4 2 3946.56
4 3 2375.56
4 5 2375.56
4 6 3946.56
4 7 5925.05
4 8 3855.07
4 9 2084.9
4 10 3855.07
4 11 5925.05
4 12 7912.93
4 13 5637
4 14 4169.81
4 15 5637
4 16 7912.93
4 17 9838.4
4 18 7464.64
4 19 6254.71
4 20 7464.64
4 21 9838.4
4 22 11274
4 23 9192.99
4 24 8339.61
4 25 9192.99
4 26 11274
5 0 2084.9
5 2 3946.56
5 3 3946.56
5 4 2375.56
5 6 2375.56
5 7 5925.05
5 8 5925.05
5 9 3855.07
5 10 2084.9
5 11 3855.07
5 12 7912.94
5 13 7912.93
5 14 5637
5 15 4169.81
5 16 5637
5 17 9838.41
5 18 9838.4
5 19 7464.64
5 20 6254.71
5 21 7464.64
5 22 11274
5 23 11274
5 24 9192.99
5 25 8339.61
5 26 9192.99
6 0 2084.91
6 2 2375.57
6 3 3946.56
6 4 3946.56
6 5 2375.56
6 7 3855.08
6 8 5925.05
6 9 5925.05
6 10 3855.07
6 11 2084.9
6 12 5637.01
6 13 7912.94
6 14 7912.93
6 15 5637
6 16 4169.81
6 17 7464.65
6 18 9838.41
6 19 9838.4
6 20 7464.64
6 21 6254.71
6 22 9192.99
6 23 11274
6 24 11274
6 25 9192.99
6 26 8339.61
7 2 2084.9
7 3 3855.07
7 4 5925.05
7 5 5925.05
7 6 3855.08
7 8 4253.16
7 9 7707.3
7 10 7707.31
7 11 4253.18
7 12 2084.9
7 13 5175.95
7 14 9345.76
7 15 9345.77
7 16 5175.97
7 17 4169.81
7 18 6327.33
7 19 10351.9
7 20 10351.9
7 21 6327.35
7 22 6254.71
7 23 7464.64
7 24 9838.4
7 25 9838.41
7 26 7464.65
8 2 3855.07
8 3 2084.9
8 4 3855.07
8 5 5925.05
8 6 5925.05
8 7 4253.16
8 9 4253.16
8 10 7707.3
8 11 7707.31
8 12 5175.95
8 13 2084.9
8 14 5175.95
8 15 9345.76
8 16 9345.77
8 17 6327.33
8 18 4169.81
8 19 6327.33
8 20 10351.9
8 21 10351.9
8 22 7464.64
8 23 6254.71
8 24 7464.64
8 25 9838.4
8 26 9838.41
9 2 5925.05
9 3 3855.07
9 4 2084.9
9 5 3855.07
9 6 5925.05
9 7 7707.3
9 8 4253.16
9 10 4253.16
9 11 7707.3
9 12 9345.76
9 13 5175.95
9 14 2084.9
9 15 5175.95
9 16 9345.76
9 17 10351.9
9 18 6327.33
9 19 4169.81
9 20 6327.33
9 21 10351.9
9 22 9838.4
9 23 7464.64
9 24 6254.71
9 25 7464.64
9 26 9838.4
10 2 5925.05
10 3 5925.05
10 4 3855.07
10 5 2084.9
10 6 3855.07
10 7 7707.31
10 8 7707.3
10 9 4253.16
10 11 4253.16
10 12 9345.77
10 13 9345.76
10 14 5175.95
10 15 2084.9
10 16 5175.95
10 17 10351.9
10 18 10351.9
10 19 6327.33
10 20 4169.81
10 21 6327.33
10 22 9838.41
10 23 9838.4
10 24 7464.64
10 25 6254.71
10 26 7464.64
11 2 3855.08
11 3 5925.05
11 4 5925.05
11 5 3855.07
11 6 2084.9
11 7 4253.18
11 8 7707.31
11 9 7707.3
11 10 4253.16
11 12 5175.97
11 13 9345.77
11 14 9345.76
11 15 5175.95
11 16 2084.9
11 17 6327.35
11 18 10351.9
11 19 10351.9
11 20 6327.33
11 21 4169.81
11 22 7464.65
11 23 9838.41
11 24 9838.4
11 25 7464.64
11 26 6254.71
12 2 4169.81
12 3 5637
12 4 7912.93
12 5 7912.94
12 6 5637.01
12 7 2084.9
12 8 5175.95
12 9 9345.76
12 10 9345.77
12 11 5175.97
12 13 5003.77
12 14 10007.5
12 15 10007.6
12 16 5003.79
12 17 2084.9
12 18 5175.95
12 19 9345.76
12 20 9345.77
12 21 5175.96
12 22 4169.81
12 23 5637
12 24 7912.93
12 25 7912.94
12 26 5637.01
13 2 5637
13 3 4169.81
13 4 5637
13 5 7912.93
13 6 7912.94
13 7 5175.95
13 8 2084.9
13 9 5175.95
13 10 9345.76
13 11 9345.77
13 12 5003.77
13 14 5003.77
13 15 10007.5
13 16 10007.6
13 17 5175.95
13 18 2084.9
13 19 5175.95
13 20 9345.76
13 21 9345.77
13 22 5637
13 23 4169.81
13 24 5637
13 25 7912.93
13 26 7912.94
14 2 7912.93
14 3 5637
14 4 4169.81
14 5 5637
14 6 7912.93
14 7 9345.76
14 8 5175.95
14 9 2084.9
14 10 5175.95
14 11 9345.76
14 12 10007.5
14 13 5003.77
14 15 5003.77
14 16 10007.5
14 17 9345.76
14 18 5175.95
14 19 2084.9
14 20 5175.95
14 21 9345.76
14 22 7912.93
14 23 5637
14 24 4169.81
14 25 5637
14 26 7912.93
15 2 7912.94
15 3 7912.93
15 4 5637
15 5 4169.81
15 6 5637
15 7 9345.77
15 8 9345.76
15 9 5175.95
15 10 2084.9
15 11 5175.95
15 12 10007.6
15 13 10007.5
15 14 5003.77
15 16 5003.77
15 17 9345.77
15 18 9345.76
15 19 5175.95
15 20 2084.9
15 21 5175.95
15 22 7912.94
15 23 7912.93
15 24 5637
15 25 4169.81
15 26 5637
16 2 5637.01
16 3 7912.94
16 4 7912.93
16 5 5637
16 6 4169.81
16 7 5175.97
16 8 9345.77
16 9 9345.76
16 10 5175.95
16 11 2084.9
16 12 5003.79
16 13 10007.6
16 14 10007.5
16 15 5003.77
16 17 5175.96
16 18 9345.77
16 19 9345.76
16 20 5175.95
16 21 2084.9
16 22 5637.01
16 23 7912.94
16 24 7912.93
16 25 5637
16 26 4169.81
17 2 6254.71
17 3 7464.64
17 4 9838.4
17 5 9838.41
17 6 7464.65
17 7 4169.81
17 8 6327.33
17 9 10351.9
17 10 10351.9
17 11 6327.35
17 12 2084.9
17 13 5175.95
17 14 9345.76
17 15 9345.77
17 16 5175.96
17 18 4253.16
17 19 7707.3
17 20 7707.31
17 21 4253.18
17 22 2084.9
17 23 3855.07
17 24 5925.05
17 25 5925.05
17 26 3855.08
18 2 7464.64
18 3 6254.71
18 4 7464.64
18 5 9838.4
18 6 9838.41
18 7 6327.33
18 8 4169.81
18 9 6327.33
18 10 10351.9
18 11 10351.9
18 12 5175.95
18 13 2084.9
18 14 5175.95
18 15 9345.76
18 16 9345.77
18 17 4253.16
18 19 4253.16
18 20 7707.3
18 21 7707.31
18 22 3855.07
18 23 2084.9
18 24 3855.07
18 25 5925.05
18 26 5925.05
19 2 9838.4
19 3 7464.64
19 4 6254.71
19 5 7464.64
19 6 9838.4
19 7 10351.9
19 8 6327.33
19 9 4169.81
19 10 6327.33
19 11 10351.9
19 12 9345.76
19 13 5175.95
19 14 2084.9
19 15 5175.95
19 16 9345.76
19 17 7707.3
19 18 4253.16
19 20 4253.16
19 21 7707.3
19 22 5925.05
19 23 3855.07
19 24 2084.9
19 25 3855.07
19 26 5925.05
20 2 9838.41
20 3 9838.4
20 4 7464.64
20 5 6254.71
20 6 7464.64
20 7 10351.9
20 8 10351.9
20 9 6327.33
20 10 4169.81
20 11 6327.33
20 12 9345.77
20 13 9345.76
20 14 5175.95
20 15 2084.9
20 16 5175.95
20 17 7707.31
20 18 7707.3
20 19 4253.16
20 21 4253.16
20 22 5925.05
20 23 5925.05
20 24 3855.07
20 25 2084.9
20 26 3855.07
21 2 7464.65
21 3 9838.41
21 4 9838.4
21 5 7464.64
21 6 6254.71
21 7 6327.35
21 8 10351.9
21 9 10351.9
21 10 6327.33
21 11 4169.81
21 12 5175.96
21 13 9345.77
21 14 9345.76
21 15 5175.95
21 16 2084.9
21 17 4253.18
21 18 7707.31
21 19 7707.3
21 20 4253.16
21 22 3855.08
21 23 5925.05
21 24 5925.05
21 25 3855.07
21 26 2084.9
22 1 2084.91
22 2 8339.61
22 3 9192.99
22 4 11274
22 5 11274
22 6 9192.99
22 7 6254.71
22 8 7464.64
22 9 9838.4
22 10 9838.41
22 11 7464.65
22 12 4169.81
22 13 5637
22 14 7912.93
22 15 7912.94
22 16 5637.01
22 17 2084.9
22 18 3855.07
22 19 5925.05
22 20 5925.05
22 21 3855.08
22 23 2375.56
22 24 3946.56
22 25 3946.56
22 26 2375.57
23 1 2084.91
23 2 9192.99
23 3 8339.61
23 4 9192.99
23 5 11274
23 6 11274
23 7 7464.64
23 8 6254.71
23 9 7464.64
23 10 9838.4
23 11 9838.41
23 12 5637
23 13 4169.81
23 14 5637
23 15 7912.93
23 16 7912.94
23 17 3855.07
23 18 2084.9
23 19 3855.07
23 20 5925.05
23 21 5925.05
23 22 2375.56
23 24 2375.56
23 25 3946.56
23 26 3946.56
24 1 2084.9
24 2 11274
24 3 9192.99
24 4 8339.61
24 5 9192.99
24 6 11274
24 7 9838.4
24 8 7464.64
24 9 6254.71
24 10 7464.64
24 11 9838.4
24 12 7912.93
24 13 5637
24 14 4169.81
24 15 5637
24 16 7912.93
24 17 5925.05
24 18 3855.07
24 19 2084.9
24 20 3855.07
24 21 5925.05
24 22 3946.56
24 23 2375.56
24 25 2375.56
24 26 3946.56
25 1 2084.9
25 2 11274
25 3 11274
25 4 9192.99
25 5 8339.61
25 6 9192.99
25 7 9838.41
25 8 9838.4
25 9 7464.64
25 10 6254.71
25 11 7464.64
25 12 7912.94
25 13 7912.93
25 14 5637
25 15 4169.81
25 16 5637
25 17 5925.05
25 18 5925.05
25 19 3855.07
25 20 2084.9
25 21 3855.07
25 22 3946.56
25 23 3946.56
25 24 2375.56
25 26 2375.56
26 1 2084.91
26 2 9192.99
26 3 11274
26 4 11274
26 5 9192.99
26 6 8339.61
26 7 7464.65
26 8 9838.41
26 9 9838.4
26 10 7464.64
26 11 6254.71
26 12 5637.01
26 13 7912.94
26 14 7912.93
26 15 5637
26 16 4169.81
26 17 3855.08
26 18 5925.05
26 19 5925.05
26 20 3855.07
26 21 2084.9
26 22 2375.57
26 23 3946.56
26 24 3946.56
26 25 2375.56
